#strain     energy[Ry]      volume[Bohr^3]    s_xx[Ry/Bohr^3] s_xy[Ry/Bohr^3] s_xz[Ry/Bohr^3] s_yy[Ry/Bohr^3] s_yz[Ry/Bohr^3] s_zz[Ry/Bohr^3]
 +0.0000   -373.81437040   1103.71150000      0.00000208     -0.00000001      0.00000000      0.00000210      0.00000000      0.00000209 
 -0.0100   -373.81376673   1092.67440000      0.00010780      0.00000000      0.00000001      0.00004230      0.00000000      0.00004229 
 +0.0100   -373.81381894   1114.74860000     -0.00010156      0.00000000      0.00000002     -0.00003484      0.00000001     -0.00003486 
 -0.0100   -373.81376671   1092.67440000      0.00004231     -0.00000001      0.00000003      0.00010785      0.00000001      0.00004233 
 +0.0100   -373.81381897   1114.74860000     -0.00003489      0.00000000      0.00000000     -0.00010158      0.00000001     -0.00003489 
 -0.0100   -373.81376672   1092.67440000      0.00004230     -0.00000002      0.00000003      0.00004233      0.00000002      0.00010783 
 +0.0100   -373.81381895   1114.74860000     -0.00003486      0.00000001      0.00000002     -0.00003486      0.00000000     -0.00010156 
 -0.0100   -373.81287837   1103.60110000      0.00000047     -0.00000001     -0.00000001      0.00000215      0.00010172      0.00000215 
 +0.0100   -373.81287837   1103.60110000      0.00000047      0.00000000      0.00000000      0.00000215     -0.00010173      0.00000215 
 -0.0100   -373.81287837   1103.60110000      0.00000215     -0.00000001      0.00010172      0.00000047     -0.00000001      0.00000215 
 +0.0100   -373.81287837   1103.60110000      0.00000215      0.00000000     -0.00010173      0.00000047      0.00000001      0.00000215 
 -0.0100   -373.81287835   1103.60110000      0.00000215      0.00010170     -0.00000001      0.00000215      0.00000000      0.00000047 
 +0.0100   -373.81287836   1103.60110000      0.00000215     -0.00010172      0.00000000      0.00000215      0.00000000      0.00000047 
